20.000000 20.000000 20.000000 20.000000 20.000000 20.000000 20.000000 20.000000 20.000000 20.000000 20.000000 20.000000 20.000000 20.000000 20.000000 20.000000 20.000000 20.000000 20.000000 20.000000 
20.000000 19.959824 19.921806 19.886915 19.856003 19.829802 19.808895 19.793709 19.784508 19.781387 19.784271 19.792931 19.806978 19.825891 19.849030 19.875650 19.904938 19.936022 19.968008 20.000000 
20.000000 19.921806 19.847816 19.779909 19.719749 19.668760 19.628075 19.598526 19.580624 19.574554 19.580173 19.597027 19.624369 19.661179 19.706209 19.758015 19.815010 19.875502 19.937746 20.000000 
20.000000 19.886913 19.779907 19.681700 19.594702 19.520966 19.462133 19.419407 19.393528 19.384756 19.392891 19.417271 19.456812 19.510048 19.575167 19.650085 19.732502 19.819975 19.909981 20.000000 
20.000000 19.856003 19.719749 19.594702 19.483932 19.390049 19.315147 19.260754 19.227814 19.216656 19.227022 19.258072 19.308424 19.376209 19.459122 19.554508 19.659439 19.770805 19.885395 20.000000 
20.000000 19.829802 19.668758 19.520966 19.390049 19.279097 19.190580 19.126308 19.087387 19.074211 19.086475 19.123182 19.182701 19.262817 19.360807 19.473537 19.597546 19.729151 19.864567 20.000000 
20.000000 19.808895 19.628075 19.462133 19.315147 19.190580 19.091208 19.019058 18.975372 18.960596 18.974379 19.015604 19.082436 19.172390 19.282410 19.408972 19.548191 19.695938 19.847961 20.000000 
20.000000 19.793709 19.598526 19.419409 19.260756 19.126307 19.019058 18.941195 18.894058 18.878124 18.893017 18.937527 19.009674 19.106770 19.225521 19.362123 19.512383 19.671843 19.835915 20.000000 
20.000000 19.784508 19.580624 19.393526 19.227812 19.087385 18.975372 18.894058 18.844841 18.828217 18.843788 18.890293 18.965660 19.067081 19.191120 19.333796 19.490732 19.657276 19.828630 20.000000 
20.000000 19.781385 19.574554 19.384756 19.216656 19.074213 18.960598 18.878126 18.828217 18.811371 18.827183 18.874371 18.950832 19.053720 19.179543 19.324268 19.483454 19.652380 19.826183 20.000000 
20.000000 19.784271 19.580173 19.392891 19.227022 19.086477 18.974380 18.893019 18.843788 18.827183 18.842800 18.889374 18.964828 19.066355 19.190506 19.333303 19.490366 19.657034 19.828512 20.000000 
20.000000 19.792931 19.597029 19.417271 19.258072 19.123184 19.015606 18.937529 18.890293 18.874371 18.889374 18.934088 19.006517 19.103966 19.223122 19.360172 19.510908 19.670860 19.835426 20.000000 
20.000000 19.806978 19.624371 19.456814 19.308426 19.182701 19.082438 19.009674 18.965660 18.950832 18.964828 19.006517 19.074036 19.164871 19.275936 19.403675 19.544167 19.693243 19.846619 20.000000 
20.000000 19.825891 19.661179 19.510048 19.376209 19.262817 19.172390 19.106770 19.067081 19.053719 19.066355 19.103964 19.164869 19.246803 19.346977 19.462189 19.588898 19.723347 19.861671 20.000000 
20.000000 19.849030 19.706209 19.575167 19.459122 19.360809 19.282410 19.225521 19.191120 19.179543 19.190506 19.223124 19.275936 19.346977 19.433834 19.533724 19.643581 19.760147 19.880074 20.000000 
20.000000 19.875650 19.758017 19.650085 19.554508 19.473537 19.408972 19.362123 19.333794 19.324266 19.333303 19.360172 19.403675 19.462187 19.533724 19.615993 19.706470 19.802469 19.901234 20.000000 
20.000000 19.904938 19.815010 19.732502 19.659439 19.597546 19.548191 19.512383 19.490730 19.483452 19.490364 19.510908 19.544167 19.588896 19.643579 19.706467 19.775627 19.849010 19.924505 20.000000 
20.000000 19.936022 19.875502 19.819975 19.770805 19.729153 19.695938 19.671843 19.657276 19.652378 19.657032 19.670860 19.693245 19.723347 19.760149 19.802467 19.849010 19.898394 19.949196 20.000000 
20.000000 19.968008 19.937746 19.909981 19.885395 19.864567 19.847960 19.835913 19.828629 19.826183 19.828510 19.835426 19.846619 19.861671 19.880074 19.901234 19.924505 19.949196 19.974598 20.000000 
20.000000 20.000000 20.000000 20.000000 20.000000 20.000000 20.000000 20.000000 20.000000 20.000000 20.000000 20.000000 20.000000 20.000000 20.000000 20.000000 20.000000 20.000000 20.000000 20.000000 
