20.000000 20.000000 20.000000 20.000000 20.000000 20.000000 20.000000 20.000000 20.000000 20.000000 20.000000 20.000000 20.000000 20.000000 20.000000 20.000000 20.000000 20.000000 20.000000 20.000000 
20.000000 19.963974 19.929886 19.898602 19.870890 19.847406 19.828672 19.815071 19.806837 19.804052 19.806652 19.814425 19.827024 19.843981 19.864721 19.888580 19.914825 19.942678 19.971336 20.000000 
20.000000 19.929886 19.863544 19.802662 19.748734 19.703033 19.666578 19.640112 19.624088 19.618673 19.623737 19.638865 19.663387 19.696388 19.736752 19.783180 19.834253 19.888454 19.944223 20.000000 
20.000000 19.898602 19.802662 19.714615 19.636631 19.570547 19.517834 19.479567 19.456402 19.448576 19.455902 19.477783 19.513248 19.560974 19.619343 19.686481 19.760332 19.838707 19.919348 20.000000 
20.000000 19.870890 19.748734 19.636631 19.537342 19.453207 19.386097 19.337381 19.307896 19.297941 19.307274 19.335140 19.380299 19.441065 19.515377 19.600857 19.694880 19.794659 19.897324 20.000000 
20.000000 19.847406 19.703033 19.570545 19.453205 19.353775 19.274471 19.216906 19.182072 19.170315 19.181355 19.214294 19.267668 19.339485 19.427309 19.528328 19.639437 19.757349 19.878668 20.000000 
20.000000 19.828672 19.666576 19.517834 19.386095 19.274469 19.185440 19.120823 19.081726 19.068539 19.080944 19.117935 19.177862 19.258493 19.357092 19.470501 19.595236 19.727604 19.863796 20.000000 
20.000000 19.815071 19.640110 19.479565 19.337379 19.216906 19.120823 19.051090 19.008905 18.994686 19.008087 19.048021 19.112707 19.199738 19.306156 19.428555 19.563175 19.706030 19.853008 20.000000 
20.000000 19.806837 19.624088 19.456402 19.307896 19.182070 19.081726 19.008905 18.964855 18.950018 18.964027 19.005747 19.073317 19.164219 19.275368 19.403202 19.543798 19.692991 19.846489 20.000000 
20.000000 19.804052 19.618675 19.448578 19.297939 19.170315 19.068541 18.994686 18.950018 18.934978 18.949202 18.991531 19.060078 19.152287 19.265026 19.394691 19.537296 19.688618 19.844303 20.000000 
20.000000 19.806652 19.623737 19.455904 19.307274 19.181355 19.080946 19.008087 18.964027 18.949202 18.963245 19.005020 19.072660 19.163643 19.274879 19.402809 19.543507 19.692799 19.846394 20.000000 
20.000000 19.814425 19.638866 19.477785 19.335140 19.214294 19.117935 19.048021 19.005747 18.991531 19.005020 19.045122 19.110044 19.197369 19.304127 19.426899 19.561924 19.705194 19.852592 20.000000 
20.000000 19.827024 19.663387 19.513250 19.380299 19.267668 19.177862 19.112707 19.073317 19.060078 19.072660 19.110043 19.170559 19.251953 19.351456 19.465881 19.591724 19.725252 19.862623 20.000000 
20.000000 19.843983 19.696390 19.560976 19.441067 19.339487 19.258495 19.199738 19.164219 19.152287 19.163643 19.197367 19.251953 19.325363 19.415106 19.518307 19.631800 19.752222 19.876110 20.000000 
20.000000 19.864723 19.736752 19.619343 19.515381 19.427311 19.357094 19.306156 19.275368 19.265030 19.274881 19.304125 19.351456 19.415106 19.492914 19.582390 19.680786 19.785189 19.892593 20.000000 
20.000000 19.888580 19.783180 19.686481 19.600859 19.528328 19.470501 19.428555 19.403200 19.394691 19.402811 19.426901 19.465883 19.518307 19.582390 19.656078 19.737114 19.823093 19.911547 20.000000 
20.000000 19.914825 19.834253 19.760334 19.694881 19.639439 19.595238 19.563175 19.543798 19.537296 19.543507 19.561924 19.591726 19.631802 19.680786 19.737114 19.799057 19.864777 19.932388 20.000000 
20.000000 19.942678 19.888454 19.838707 19.794659 19.757349 19.727604 19.706028 19.692991 19.688618 19.692799 19.705196 19.725252 19.752224 19.785187 19.823093 19.864777 19.909004 19.954502 20.000000 
20.000000 19.971336 19.944223 19.919348 19.897324 19.878668 19.863796 19.853008 19.846491 19.844303 19.846395 19.852596 19.862623 19.876110 19.892593 19.911545 19.932388 19.954502 19.977251 20.000000 
20.000000 20.000000 20.000000 20.000000 20.000000 20.000000 20.000000 20.000000 20.000000 20.000000 20.000000 20.000000 20.000000 20.000000 20.000000 20.000000 20.000000 20.000000 20.000000 20.000000 
