20.000000 20.000000 20.000000 20.000000 20.000000 20.000000 20.000000 20.000000 20.000000 20.000000 20.000000 20.000000 20.000000 20.000000 20.000000 20.000000 20.000000 20.000000 20.000000 20.000000 
20.000000 19.955204 19.912813 19.873901 19.839420 19.810188 19.786856 19.769901 19.759617 19.756115 19.759315 19.768957 19.784616 19.805708 19.831520 19.861223 19.893906 19.928595 19.964294 20.000000 
20.000000 19.912811 19.830305 19.754570 19.687466 19.630577 19.585171 19.552177 19.532169 19.525360 19.531593 19.550365 19.580843 19.621895 19.672129 19.729933 19.793535 19.861044 19.930515 20.000000 
20.000000 19.873898 19.754570 19.645039 19.547993 19.465721 19.400059 19.352352 19.323429 19.313591 19.322615 19.349770 19.393852 19.453224 19.525871 19.609467 19.701441 19.799065 19.899525 20.000000 
20.000000 19.839420 19.687466 19.547993 19.424423 19.319670 19.236069 19.175335 19.138519 19.126007 19.137508 19.172096 19.228235 19.303839 19.396339 19.502777 19.619883 19.744177 19.872078 20.000000 
20.000000 19.810188 19.630577 19.465721 19.319668 19.195862 19.097065 19.025295 18.981798 18.967026 18.980637 19.021530 19.087893 19.177256 19.286583 19.412380 19.550777 19.697672 19.848824 20.000000 
20.000000 19.786856 19.585171 19.400059 19.236069 19.097065 18.986145 18.905577 18.856758 18.840189 18.855490 18.901421 18.975945 19.076288 19.199043 19.340282 19.495667 19.660583 19.830280 20.000000 
20.000000 19.769901 19.552177 19.352352 19.175335 19.025295 18.905577 18.818626 18.765949 18.748087 18.764624 18.814220 18.894676 19.002996 19.135506 19.287956 19.455671 19.633671 19.816824 20.000000 
20.000000 19.759617 19.532169 19.323429 19.138519 18.981798 18.856758 18.765949 18.710945 18.692308 18.709604 18.761431 18.845484 18.958641 19.097057 19.256298 19.431477 19.617390 19.808685 20.000000 
20.000000 19.756115 19.525360 19.313591 19.126007 18.967026 18.840189 18.748087 18.692310 18.673426 18.690990 18.743586 18.828869 18.943668 19.084087 19.245625 19.423323 19.611906 19.805944 20.000000 
20.000000 19.759315 19.531593 19.322615 19.137508 18.980637 18.855490 18.764624 18.709606 18.690992 18.708347 18.760263 18.844431 18.957718 19.096283 19.255676 19.431013 19.617086 19.808537 20.000000 
20.000000 19.768957 19.550365 19.349770 19.172096 19.021530 18.901423 18.814222 18.761433 18.743587 18.760263 18.810112 18.890911 18.999655 19.132652 19.285641 19.453924 19.632509 19.816250 20.000000 
20.000000 19.784616 19.580841 19.393852 19.228237 19.087893 18.975945 18.894676 18.845486 18.828869 18.844431 18.890911 18.966238 19.067610 19.191582 19.334183 19.491035 19.657486 19.828739 20.000000 
20.000000 19.805708 19.621895 19.453224 19.303841 19.177254 19.076286 19.002995 18.958641 18.943668 18.957720 18.999657 19.067610 19.159050 19.270872 19.399492 19.540962 19.691088 19.845541 20.000000 
20.000000 19.831520 19.672129 19.525871 19.396339 19.286583 19.199043 19.135504 19.097055 19.084085 19.096281 19.132652 19.191580 19.270870 19.367830 19.479353 19.602013 19.732172 19.866085 20.000000 
20.000000 19.861223 19.729933 19.609467 19.502777 19.412380 19.340282 19.287956 19.256298 19.245625 19.255676 19.285641 19.334183 19.399492 19.479353 19.571205 19.672228 19.779425 19.889713 20.000000 
20.000000 19.893904 19.793535 19.701443 19.619883 19.550777 19.495667 19.455671 19.431477 19.423323 19.431011 19.453922 19.491035 19.540964 19.602013 19.672228 19.749451 19.831394 19.915697 20.000000 
20.000000 19.928595 19.861044 19.799065 19.744177 19.697670 19.660583 19.633671 19.617390 19.611906 19.617085 19.632507 19.657484 19.691088 19.732172 19.779425 19.831394 19.886538 19.943268 20.000000 
20.000000 19.964294 19.930515 19.899523 19.872078 19.848824 19.830280 19.816824 19.808685 19.805944 19.808537 19.816248 19.828739 19.845541 19.866085 19.889711 19.915695 19.943268 19.971634 20.000000 
20.000000 20.000000 20.000000 20.000000 20.000000 20.000000 20.000000 20.000000 20.000000 20.000000 20.000000 20.000000 20.000000 20.000000 20.000000 20.000000 20.000000 20.000000 20.000000 20.000000 
