20.000000 20.000000 20.000000 20.000000 20.000000 20.000000 20.000000 20.000000 20.000000 20.000000 20.000000 20.000000 20.000000 20.000000 20.000000 20.000000 20.000000 20.000000 20.000000 20.000000 
20.000000 19.952702 19.907940 19.866848 19.830437 19.799561 19.774910 19.756994 19.746124 19.742413 19.745779 19.755955 19.772486 19.794758 19.822018 19.853392 19.887917 19.924564 19.962278 20.000000 
20.000000 19.907940 19.820818 19.740841 19.669971 19.609882 19.561914 19.527052 19.505901 19.498684 19.505245 19.525055 19.557230 19.600582 19.653635 19.714693 19.781879 19.853199 19.926592 20.000000 
20.000000 19.866848 19.740841 19.625172 19.522678 19.435780 19.366411 19.316000 19.285423 19.274998 19.284498 19.313156 19.359695 19.422394 19.499123 19.587423 19.684584 19.787716 19.893848 20.000000 
20.000000 19.830437 19.669971 19.522678 19.392170 19.281521 19.193201 19.129023 19.090101 19.076843 19.088955 19.125456 19.184727 19.264568 19.362270 19.474703 19.598412 19.729723 19.864849 20.000000 
20.000000 19.799561 19.609882 19.435778 19.281519 19.150742 19.046364 18.970522 18.924536 18.908886 18.923220 18.966377 19.036446 19.130821 19.246300 19.379187 19.525394 19.680584 19.840279 20.000000 
20.000000 19.774910 19.561913 19.366411 19.193201 19.046364 18.929174 18.844034 18.792421 18.774872 18.790987 18.839464 18.918152 19.024128 19.153795 19.302999 19.467155 19.641392 19.820683 20.000000 
20.000000 19.756994 19.527050 19.316000 19.129023 18.970524 18.844034 18.752148 18.696457 18.677536 18.694956 18.747307 18.832262 18.946667 19.086639 19.247694 19.424883 19.612946 19.806461 20.000000 
20.000000 19.746124 19.505901 19.285423 19.090101 18.924538 18.792421 18.696457 18.638306 18.618567 18.636787 18.691494 18.780254 18.899773 19.045990 19.214224 19.399303 19.595734 19.797855 20.000000 
20.000000 19.742413 19.498684 19.275000 19.076845 18.908886 18.774872 18.677536 18.618567 18.598568 18.617077 18.672596 18.762661 18.883921 19.032257 19.202923 19.390671 19.589930 19.794954 20.000000 
20.000000 19.745781 19.505245 19.284498 19.088955 18.923220 18.790987 18.694956 18.636787 18.617077 18.635365 18.690174 18.779064 18.898733 19.045116 19.213524 19.398781 19.595390 19.797688 20.000000 
20.000000 19.755955 19.525055 19.313154 19.125454 18.966377 18.839464 18.747305 18.691494 18.672596 18.690174 18.742802 18.828138 18.943012 19.083523 19.245165 19.422976 19.611677 19.805832 20.000000 
20.000000 19.772484 19.557230 19.359695 19.184727 19.036446 18.918152 18.832262 18.780254 18.762661 18.779064 18.828138 18.907700 19.014788 19.145767 19.296438 19.462177 19.638062 19.819027 20.000000 
20.000000 19.794758 19.600580 19.422392 19.264568 19.130819 19.024128 18.946667 18.899773 18.883919 18.898731 18.943012 19.014788 19.111389 19.229534 19.365437 19.514927 19.673563 19.836777 20.000000 
20.000000 19.822018 19.653635 19.499121 19.362270 19.246302 19.153793 19.086639 19.045990 19.032257 19.045115 19.083523 19.145765 19.229534 19.331978 19.449818 19.579432 19.716974 19.858484 20.000000 
20.000000 19.853392 19.714693 19.587421 19.474701 19.379185 19.302998 19.247694 19.214222 19.202923 19.213524 19.245163 19.296438 19.365437 19.449818 19.546873 19.653624 19.766905 19.883451 20.000000 
20.000000 19.887915 19.781879 19.684582 19.598412 19.525394 19.467155 19.424883 19.399303 19.390671 19.398781 19.422976 19.462177 19.514927 19.579432 19.653625 19.735229 19.821823 19.910912 20.000000 
20.000000 19.924562 19.853199 19.787716 19.729723 19.680584 19.641392 19.612946 19.595734 19.589930 19.595390 19.611677 19.638062 19.673563 19.716974 19.766905 19.821823 19.880096 19.940048 20.000000 
20.000000 19.962276 19.926592 19.893848 19.864849 19.840279 19.820683 19.806461 19.797855 19.794954 19.797688 19.805832 19.819027 19.836779 19.858484 19.883451 19.910912 19.940048 19.970024 20.000000 
20.000000 20.000000 20.000000 20.000000 20.000000 20.000000 20.000000 20.000000 20.000000 20.000000 20.000000 20.000000 20.000000 20.000000 20.000000 20.000000 20.000000 20.000000 20.000000 20.000000 
