20.000000 20.000000 20.000000 20.000000 20.000000 20.000000 20.000000 20.000000 20.000000 20.000000 20.000000 20.000000 20.000000 20.000000 20.000000 20.000000 20.000000 20.000000 20.000000 20.000000 
20.000000 19.962978 19.927946 19.895798 19.867319 19.843182 19.823927 19.809946 19.801479 19.798615 19.801283 19.809269 19.822216 19.839643 19.860958 19.885479 19.912455 19.941082 19.970539 20.000000 
20.000000 19.927948 19.859770 19.797201 19.741777 19.694809 19.657339 19.630133 19.613663 19.608089 19.613287 19.628830 19.654030 19.687944 19.729425 19.777145 19.829639 19.885349 19.942669 20.000000 
20.000000 19.895798 19.797201 19.706718 19.626572 19.558651 19.504471 19.465134 19.441319 19.433266 19.440786 19.463270 19.499714 19.548759 19.608747 19.677753 19.753658 19.834213 19.917103 20.000000 
20.000000 19.867317 19.741777 19.626570 19.524527 19.438053 19.369076 19.318998 19.288685 19.278442 19.288025 19.316656 19.363060 19.425510 19.501888 19.589745 19.686382 19.788939 19.894463 20.000000 
20.000000 19.843182 19.694809 19.558651 19.438053 19.335859 19.254345 19.195173 19.159359 19.147264 19.158598 19.192444 19.247292 19.321098 19.411362 19.515190 19.629393 19.750587 19.875286 20.000000 
20.000000 19.823927 19.657339 19.504469 19.369076 19.254345 19.162836 19.096413 19.056217 19.042650 19.055387 19.093395 19.154980 19.237846 19.339184 19.455748 19.583956 19.720013 19.859999 20.000000 
20.000000 19.809946 19.630133 19.465132 19.318996 19.195171 19.096413 19.024731 18.981359 18.966730 18.980492 19.021524 19.088001 19.177446 19.286821 19.412626 19.550997 19.697834 19.848909 20.000000 
20.000000 19.801479 19.613661 19.441319 19.288685 19.159359 19.056217 18.981361 18.936073 18.920807 18.935192 18.978062 19.047501 19.140926 19.255165 19.386560 19.531075 19.684429 19.842207 20.000000 
20.000000 19.798615 19.608089 19.433270 19.278444 19.147264 19.042652 18.966732 18.920807 18.905338 18.919941 18.963436 19.033882 19.128653 19.244532 19.377806 19.524387 19.679928 19.839958 20.000000 
20.000000 19.801285 19.613287 19.440788 19.288027 19.158600 19.055389 18.980492 18.935192 18.919941 18.934364 18.977291 19.046806 19.140318 19.254650 19.386147 19.530766 19.684223 19.842106 20.000000 
20.000000 19.809269 19.628830 19.463270 19.316656 19.192444 19.093395 19.021524 18.978062 18.963436 18.977291 19.018499 19.085224 19.174974 19.284706 19.410904 19.549694 19.696964 19.848478 20.000000 
20.000000 19.822216 19.654030 19.499714 19.363062 19.247292 19.154980 19.088001 19.047501 19.033882 19.046806 19.085222 19.147419 19.231075 19.333351 19.450970 19.580324 19.717579 19.858788 20.000000 
20.000000 19.839645 19.687946 19.548763 19.425512 19.321100 19.237846 19.177446 19.140928 19.128654 19.140318 19.174973 19.231075 19.306530 19.398773 19.504854 19.621515 19.745300 19.872648 20.000000 
20.000000 19.860960 19.729427 19.608749 19.501888 19.411364 19.339186 19.286821 19.255167 19.244532 19.254652 19.284706 19.333351 19.398773 19.478752 19.570723 19.671867 19.779186 19.889593 20.000000 
20.000000 19.885481 19.777145 19.677753 19.589745 19.515190 19.455748 19.412626 19.386560 19.377806 19.386147 19.410904 19.450970 19.504854 19.570724 19.646469 19.729767 19.818150 19.909075 20.000000 
20.000000 19.912455 19.829639 19.753658 19.686382 19.629393 19.583956 19.550997 19.531075 19.524387 19.530766 19.549694 19.580324 19.621515 19.671867 19.729767 19.793440 19.860998 19.930500 20.000000 
20.000000 19.941082 19.885349 19.834217 19.788940 19.750587 19.720011 19.697832 19.684429 19.679932 19.684225 19.696964 19.717579 19.745300 19.779186 19.818150 19.860998 19.906460 19.953232 20.000000 
20.000000 19.970539 19.942669 19.917103 19.894463 19.875286 19.859999 19.848909 19.842209 19.839960 19.842108 19.848480 19.858788 19.872648 19.889591 19.909073 19.930498 19.953230 19.976616 20.000000 
20.000000 20.000000 20.000000 20.000000 20.000000 20.000000 20.000000 20.000000 20.000000 20.000000 20.000000 20.000000 20.000000 20.000000 20.000000 20.000000 20.000000 20.000000 20.000000 20.000000 
