20.000000 20.000000 20.000000 20.000000 20.000000 20.000000 20.000000 20.000000 20.000000 20.000000 20.000000 20.000000 20.000000 20.000000 20.000000 20.000000 20.000000 20.000000 20.000000 20.000000 
20.000000 19.956406 19.915154 19.877285 19.843735 19.815292 19.792591 19.776096 19.766094 19.762691 19.765810 19.775198 19.790438 19.810963 19.836079 19.864979 19.896776 19.930529 19.965260 20.000000 
20.000000 19.915154 19.834862 19.761162 19.695866 19.640512 19.596334 19.564238 19.544781 19.538164 19.544239 19.562513 19.592175 19.632122 19.681000 19.737244 19.799126 19.864809 19.932398 20.000000 
20.000000 19.877285 19.761162 19.654577 19.560146 19.480097 19.416214 19.369804 19.341675 19.332115 19.340908 19.367342 19.410244 19.468018 19.538706 19.620041 19.709528 19.804510 19.902246 20.000000 
20.000000 19.843735 19.695866 19.560146 19.439907 19.337984 19.256649 19.197567 19.161762 19.149603 19.160812 19.194479 19.249115 19.322681 19.412687 19.516247 19.630182 19.751110 19.875546 20.000000 
20.000000 19.815292 19.640512 19.480097 19.337982 19.217524 19.121403 19.051586 19.009283 18.994928 19.008190 19.047997 19.112577 19.199532 19.305910 19.428305 19.562956 19.705868 19.852924 20.000000 
20.000000 19.792591 19.596334 19.416214 19.256649 19.121403 19.013489 18.935116 18.887634 18.871534 18.886444 18.931152 19.003674 19.101311 19.220753 19.358170 19.509346 19.669792 19.834885 20.000000 
20.000000 19.776096 19.564238 19.369804 19.197567 19.051586 18.935116 18.850533 18.799299 18.781942 18.798052 18.846327 18.924622 19.030020 19.158947 19.307270 19.470440 19.643612 19.821796 20.000000 
20.000000 19.766094 19.544781 19.341675 19.161762 19.009283 18.887634 18.799299 18.745804 18.727694 18.744541 18.794985 18.876778 18.986881 19.121553 19.276482 19.446907 19.627777 19.813881 20.000000 
20.000000 19.762691 19.538164 19.332115 19.149603 18.994928 18.871534 18.781942 18.727695 18.709343 18.726454 18.777641 18.860630 18.972328 19.108948 19.266108 19.438984 19.622448 19.811216 20.000000 
20.000000 19.765812 19.544239 19.340908 19.160810 19.008190 18.886442 18.798054 18.744543 18.726456 18.743359 18.793886 18.875786 18.986013 19.120823 19.275896 19.446472 19.627491 19.813740 20.000000 
20.000000 19.775200 19.562511 19.367342 19.194479 19.047997 18.931152 18.846329 18.794987 18.777645 18.793888 18.842400 18.921021 19.026825 19.156218 19.305056 19.468769 19.642498 19.821243 20.000000 
20.000000 19.790438 19.592175 19.410244 19.249115 19.112577 19.003674 18.924622 18.876780 18.860630 18.875786 18.921021 18.994316 19.092943 19.213554 19.352283 19.504875 19.666801 19.833397 20.000000 
20.000000 19.810963 19.632122 19.468019 19.322681 19.199532 19.101311 19.030020 18.986879 18.972328 18.986013 19.026825 19.092943 19.181908 19.290695 19.415825 19.553450 19.699492 19.849743 20.000000 
20.000000 19.836079 19.681000 19.538706 19.412685 19.305910 19.220753 19.158947 19.121553 19.108948 19.120823 19.156216 19.213552 19.290695 19.385025 19.493517 19.612843 19.739462 19.869730 20.000000 
20.000000 19.864979 19.737246 19.620043 19.516247 19.428305 19.358170 19.307270 19.276482 19.266108 19.275896 19.305054 19.352283 19.415823 19.493517 19.582872 19.681149 19.785429 19.892714 20.000000 
20.000000 19.896778 19.799128 19.709530 19.630184 19.562956 19.509346 19.470440 19.446907 19.438982 19.446472 19.468767 19.504875 19.553450 19.612841 19.681147 19.756271 19.835983 19.917992 20.000000 
20.000000 19.930531 19.864809 19.804508 19.751110 19.705868 19.669792 19.643612 19.627777 19.622446 19.627491 19.642496 19.666800 19.699492 19.739460 19.785427 19.835983 19.889626 19.944813 20.000000 
20.000000 19.965261 19.932398 19.902245 19.875546 19.852924 19.834885 19.821796 19.813879 19.811214 19.813740 19.821243 19.833397 19.849743 19.869728 19.892712 19.917992 19.944813 19.972406 20.000000 
20.000000 20.000000 20.000000 20.000000 20.000000 20.000000 20.000000 20.000000 20.000000 20.000000 20.000000 20.000000 20.000000 20.000000 20.000000 20.000000 20.000000 20.000000 20.000000 20.000000 
