20.000000 20.000000 20.000000 20.000000 20.000000 20.000000 20.000000 20.000000 20.000000 20.000000 20.000000 20.000000 20.000000 20.000000 20.000000 20.000000 20.000000 20.000000 20.000000 20.000000 
20.000000 19.964943 19.931772 19.901331 19.874367 19.851519 19.833292 19.820061 19.812050 19.809343 19.811876 19.819441 19.831703 19.848204 19.868385 19.891598 19.917131 19.944229 19.972113 20.000000 
20.000000 19.931772 19.867218 19.807974 19.755501 19.711037 19.675570 19.649822 19.634235 19.628973 19.633904 19.648628 19.672493 19.704605 19.743877 19.789053 19.838741 19.891476 19.945734 20.000000 
20.000000 19.901331 19.807974 19.722301 19.646423 19.582125 19.530840 19.493610 19.471079 19.463474 19.470608 19.491905 19.526417 19.572857 19.629648 19.694973 19.766827 19.843077 19.921534 20.000000 
20.000000 19.874367 19.755501 19.646423 19.549816 19.467953 19.402662 19.355267 19.326590 19.316914 19.326004 19.353127 19.397068 19.456196 19.528502 19.611671 19.703148 19.800224 19.900106 20.000000 
20.000000 19.851519 19.711037 19.582125 19.467953 19.371212 19.294056 19.238054 19.204172 19.192745 19.203497 19.235558 19.287495 19.357372 19.442823 19.541107 19.649210 19.763927 19.881958 20.000000 
20.000000 19.833292 19.675568 19.530838 19.402660 19.294056 19.207439 19.144577 19.106548 19.093731 19.105812 19.141813 19.200127 19.278584 19.374516 19.484852 19.606211 19.734993 19.867489 20.000000 
20.000000 19.820059 19.649818 19.493610 19.355268 19.238052 19.144577 19.076740 19.035707 19.021885 19.034937 19.073801 19.136745 19.221426 19.324966 19.444050 19.575022 19.714005 19.856995 20.000000 
20.000000 19.812050 19.634235 19.471081 19.326590 19.204170 19.106548 19.035707 18.992863 18.978439 18.992081 19.032682 19.098431 19.186878 19.295017 19.419388 19.556175 19.701321 19.850655 20.000000 
20.000000 19.809345 19.628975 19.463474 19.316914 19.192745 19.093731 19.021885 18.978439 18.963821 18.977669 19.018862 19.085560 19.175278 19.284966 19.411114 19.549854 19.697069 19.848530 20.000000 
20.000000 19.811878 19.633907 19.470612 19.326004 19.203499 19.105812 19.034935 18.992081 18.977669 18.991344 19.031996 19.097813 19.186335 19.294559 19.419020 19.555899 19.701138 19.850565 20.000000 
20.000000 19.819443 19.648630 19.491909 19.353127 19.235558 19.141813 19.073801 19.032682 19.018864 19.031998 19.071020 19.134190 19.219151 19.323017 19.442461 19.573820 19.713200 19.856596 20.000000 
20.000000 19.831703 19.672493 19.526421 19.397072 19.287495 19.200127 19.136745 19.098431 19.085560 19.097811 19.134190 19.193071 19.272259 19.369064 19.480389 19.602816 19.732716 19.866356 20.000000 
20.000000 19.848204 19.704605 19.572859 19.456200 19.357376 19.278584 19.221426 19.186878 19.175278 19.186333 19.219151 19.272261 19.343681 19.430992 19.531391 19.641804 19.758953 19.879475 20.000000 
20.000000 19.868383 19.743877 19.629650 19.528505 19.442825 19.374516 19.324966 19.295017 19.284967 19.294559 19.323017 19.369066 19.430992 19.506691 19.593737 19.689461 19.791025 19.895512 20.000000 
20.000000 19.891598 19.789051 19.694973 19.611671 19.541109 19.484856 19.444050 19.419388 19.411116 19.419022 19.442461 19.480391 19.531395 19.593739 19.665426 19.744259 19.827902 19.913952 20.000000 
20.000000 19.917133 19.838743 19.766827 19.703148 19.649210 19.606213 19.575022 19.556175 19.549854 19.555901 19.573822 19.602818 19.641806 19.689461 19.744259 19.804518 19.868454 19.934227 20.000000 
20.000000 19.944231 19.891476 19.843079 19.800224 19.763926 19.734991 19.714003 19.701321 19.697069 19.701141 19.713203 19.732716 19.758955 19.791025 19.827900 19.868452 19.911476 19.955738 20.000000 
20.000000 19.972113 19.945734 19.921534 19.900106 19.881956 19.867489 19.856997 19.850655 19.848530 19.850567 19.856598 19.866356 19.879477 19.895512 19.913950 19.934227 19.955738 19.977869 20.000000 
20.000000 20.000000 20.000000 20.000000 20.000000 20.000000 20.000000 20.000000 20.000000 20.000000 20.000000 20.000000 20.000000 20.000000 20.000000 20.000000 20.000000 20.000000 20.000000 20.000000 
