20.000000 20.000000 20.000000 20.000000 20.000000 20.000000 20.000000 20.000000 20.000000 20.000000 20.000000 20.000000 20.000000 20.000000 20.000000 20.000000 20.000000 20.000000 20.000000 20.000000 
20.000000 19.961954 19.925955 19.892914 19.863647 19.838842 19.819052 19.804680 19.795975 19.793028 19.795767 19.803970 19.817274 19.835182 19.857090 19.882294 19.910017 19.939442 19.969719 20.000000 
20.000000 19.925955 19.855892 19.791592 19.734632 19.686359 19.647848 19.619883 19.602947 19.597216 19.602549 19.618517 19.644411 19.679266 19.721897 19.770943 19.824896 19.882156 19.941074 20.000000 
20.000000 19.892916 19.791592 19.698603 19.616234 19.546429 19.490740 19.450304 19.425819 19.417536 19.425255 19.448353 19.485802 19.536209 19.597858 19.668781 19.746799 19.829597 19.914793 20.000000 
20.000000 19.863647 19.734632 19.616234 19.511360 19.422483 19.351585 19.300110 19.268944 19.258406 19.268242 19.297659 19.345345 19.409525 19.488022 19.578320 19.677649 19.783060 19.891523 20.000000 
20.000000 19.838840 19.686359 19.546427 19.422483 19.317450 19.233665 19.172840 19.136019 19.123575 19.135212 19.169985 19.226349 19.302202 19.394972 19.501686 19.619068 19.743639 19.871811 20.000000 
20.000000 19.819050 19.647846 19.490738 19.351583 19.233665 19.139606 19.071327 19.030001 19.016043 19.029119 19.068172 19.131458 19.216623 19.320778 19.440582 19.572361 19.712208 19.856096 20.000000 
20.000000 19.804680 19.619883 19.450302 19.300108 19.172840 19.071327 18.997643 18.953051 18.938002 18.952127 18.994289 19.062605 19.154531 19.266949 19.396254 19.538479 19.689407 19.844696 20.000000 
20.000000 19.795977 19.602947 19.425819 19.268944 19.136019 19.030001 18.953053 18.906490 18.890785 18.905556 18.949604 19.020967 19.116987 19.234402 19.369453 19.517998 19.675627 19.837807 20.000000 
20.000000 19.793028 19.597214 19.417536 19.258408 19.123577 19.016045 18.938002 18.890785 18.874870 18.889868 18.934561 19.006958 19.104361 19.223461 19.360451 19.511118 19.671000 19.835493 20.000000 
20.000000 19.795767 19.602551 19.425257 19.268246 19.135212 19.029121 18.952129 18.905556 18.889868 18.904678 18.948790 19.020229 19.116341 19.233856 19.369015 19.517670 19.675409 19.837700 20.000000 
20.000000 19.803972 19.618519 19.448355 19.297661 19.169987 19.068172 18.994289 18.949604 18.934561 18.948790 18.991135 19.059708 19.151955 19.264742 19.394459 19.537121 19.688501 19.844246 20.000000 
20.000000 19.817276 19.644413 19.485804 19.345346 19.226349 19.131458 19.062607 19.020966 19.006958 19.020229 19.059708 19.123631 19.209614 19.314739 19.435638 19.568604 19.709690 19.854843 20.000000 
20.000000 19.835186 19.679268 19.536209 19.409527 19.302204 19.216625 19.154533 19.116987 19.104361 19.116341 19.151955 19.209614 19.287169 19.381985 19.491024 19.610943 19.738184 19.869091 20.000000 
20.000000 19.857092 19.721901 19.597860 19.488022 19.394972 19.320778 19.266949 19.234404 19.223463 19.233856 19.264742 19.314739 19.381985 19.464191 19.558731 19.662699 19.773016 19.886507 20.000000 
20.000000 19.882294 19.770945 19.668783 19.578320 19.501686 19.440582 19.396252 19.369455 19.360451 19.369017 19.394459 19.435638 19.491024 19.558731 19.636591 19.722216 19.813068 19.906534 20.000000 
20.000000 19.910019 19.824896 19.746801 19.677647 19.619068 19.572361 19.538479 19.517998 19.511118 19.517672 19.537123 19.568604 19.610943 19.662699 19.722216 19.787666 19.857113 19.928556 20.000000 
20.000000 19.939442 19.882156 19.829599 19.783060 19.743637 19.712208 19.689407 19.675627 19.671000 19.675411 19.688503 19.709690 19.738184 19.773016 19.813068 19.857113 19.903847 19.951923 20.000000 
20.000000 19.969719 19.941074 19.914793 19.891523 19.871811 19.856094 19.844696 19.837807 19.835493 19.837700 19.844248 19.854843 19.869091 19.886507 19.906532 19.928555 19.951923 19.975962 20.000000 
20.000000 20.000000 20.000000 20.000000 20.000000 20.000000 20.000000 20.000000 20.000000 20.000000 20.000000 20.000000 20.000000 20.000000 20.000000 20.000000 20.000000 20.000000 20.000000 20.000000 
