20.000000 20.000000 20.000000 20.000000 20.000000 20.000000 20.000000 20.000000 20.000000 20.000000 20.000000 20.000000 20.000000 20.000000 20.000000 20.000000 20.000000 20.000000 20.000000 20.000000 
20.000000 19.957577 19.917431 19.880581 19.847935 19.820259 19.798172 19.782125 19.772400 19.769093 19.772133 19.781271 19.796101 19.816074 19.840513 19.868633 19.899572 19.932409 19.966202 20.000000 
20.000000 19.917431 19.839296 19.767582 19.704044 19.650183 19.607201 19.575977 19.557055 19.550625 19.556545 19.574333 19.603199 19.642073 19.689634 19.744358 19.804567 19.868471 19.934229 20.000000 
20.000000 19.880581 19.767580 19.663864 19.571978 19.494089 19.431934 19.386787 19.359430 19.350143 19.358711 19.384441 19.426193 19.482412 19.551195 19.630333 19.717398 19.809807 19.904896 20.000000 
20.000000 19.847935 19.704042 19.571978 19.454981 19.355810 19.276678 19.219204 19.184380 19.172565 19.183487 19.216259 19.269428 19.341015 19.428591 19.529352 19.640205 19.757856 19.878920 20.000000 
20.000000 19.820259 19.650183 19.494089 19.355810 19.238605 19.145090 19.077173 19.036030 19.022079 19.035002 19.073748 19.136595 19.221207 19.324715 19.443798 19.574804 19.713844 19.856913 20.000000 
20.000000 19.798172 19.607203 19.431936 19.276678 19.145090 19.040104 18.963861 18.917683 18.902037 18.916561 18.960077 19.030651 19.125658 19.241871 19.375572 19.522652 19.678749 19.839365 20.000000 
20.000000 19.782127 19.575979 19.386789 19.219204 19.077173 18.963860 18.881580 18.831753 18.814884 18.830578 18.877565 18.953754 19.056311 19.181751 19.326061 19.484808 19.653282 19.826632 20.000000 
20.000000 19.772400 19.557055 19.359430 19.184380 19.036028 18.917681 18.831753 18.779724 18.762123 18.778534 18.827629 18.907223 19.014355 19.145384 19.296116 19.461922 19.637882 19.818932 20.000000 
20.000000 19.769093 19.550625 19.350142 19.172565 19.022079 18.902037 18.814884 18.762123 18.744289 18.760956 18.810776 18.891529 19.000210 19.133131 19.286030 19.454218 19.632702 19.816343 20.000000 
20.000000 19.772133 19.556545 19.358709 19.183487 19.035002 18.916561 18.830578 18.778536 18.760958 18.777422 18.826595 18.906288 19.013536 19.144695 19.295563 19.461510 19.637611 19.818800 20.000000 
20.000000 19.781271 19.574333 19.384441 19.216259 19.073748 18.960077 18.877567 18.827631 18.810778 18.826595 18.873808 18.950310 19.053251 19.179138 19.323938 19.483206 19.652216 19.826103 20.000000 
20.000000 19.796103 19.603199 19.426193 19.269428 19.136595 19.030651 18.953754 18.907223 18.891529 18.906288 18.950310 19.021626 19.117584 19.234924 19.369890 19.518337 19.675859 19.837925 20.000000 
20.000000 19.816076 19.642075 19.482414 19.341015 19.221209 19.125658 19.056309 19.014355 19.000210 19.013536 19.053251 19.117584 19.204140 19.309978 19.431707 19.565594 19.707664 19.853828 20.000000 
20.000000 19.840513 19.689634 19.551193 19.428591 19.324715 19.241873 19.181751 19.145384 19.133129 19.144693 19.179138 19.234924 19.309978 19.401749 19.507294 19.623375 19.746550 19.873274 20.000000 
20.000000 19.868633 19.744360 19.630333 19.529354 19.443798 19.375572 19.326061 19.296116 19.286030 19.295563 19.323938 19.369890 19.431709 19.507292 19.594219 19.689823 19.791267 19.895634 20.000000 
20.000000 19.899572 19.804567 19.717400 19.640205 19.574804 19.522652 19.484808 19.461922 19.454216 19.461510 19.483204 19.518335 19.565594 19.623373 19.689823 19.762903 19.840446 19.920223 20.000000 
20.000000 19.932411 19.868471 19.809807 19.757856 19.713844 19.678749 19.653282 19.637882 19.632702 19.637611 19.652214 19.675859 19.707664 19.746548 19.791267 19.840446 19.892630 19.946316 20.000000 
20.000000 19.966202 19.934229 19.904896 19.878920 19.856913 19.839365 19.826632 19.818932 19.816343 19.818800 19.826103 19.837927 19.853830 19.873272 19.895634 19.920223 19.946316 19.973158 20.000000 
20.000000 20.000000 20.000000 20.000000 20.000000 20.000000 20.000000 20.000000 20.000000 20.000000 20.000000 20.000000 20.000000 20.000000 20.000000 20.000000 20.000000 20.000000 20.000000 20.000000 
