20.000000 20.000000 20.000000 20.000000 20.000000 20.000000 20.000000 20.000000 20.000000 20.000000 20.000000 20.000000 20.000000 20.000000 20.000000 20.000000 20.000000 20.000000 20.000000 20.000000 
20.000000 19.942816 19.888687 19.838980 19.794914 19.757530 19.727661 19.705929 19.692713 19.688160 19.692179 19.704445 19.724419 19.751358 19.784353 19.822348 19.864170 19.908577 19.954281 20.000000 
20.000000 19.888685 19.783321 19.686569 19.600801 19.528042 19.469913 19.427620 19.401909 19.393059 19.400892 19.424776 19.463657 19.516098 19.580320 19.654266 19.735661 19.822081 19.911028 20.000000 
20.000000 19.838980 19.686569 19.546623 19.422571 19.317337 19.233276 19.172121 19.134949 19.122168 19.133512 19.168072 19.224319 19.300173 19.393061 19.500008 19.617722 19.742702 19.871334 20.000000 
20.000000 19.794914 19.600801 19.422571 19.264589 19.130583 19.023546 18.945686 18.898373 18.882118 18.896591 18.940620 19.012264 19.108871 19.227165 19.363354 19.513248 19.672388 19.836174 20.000000 
20.000000 19.757530 19.528042 19.317337 19.130581 18.972178 18.845667 18.753653 18.697750 18.678568 18.695705 18.747778 18.832489 18.946699 19.086536 19.247519 19.424694 19.612791 19.806374 20.000000 
20.000000 19.727663 19.469915 19.233276 19.023544 18.845665 18.703613 18.600309 18.537565 18.516058 18.535337 18.593845 18.688997 18.817268 18.974308 19.155083 19.354031 19.565237 19.782597 20.000000 
20.000000 19.705929 19.427622 19.172119 18.945683 18.753651 18.600307 18.488808 18.421104 18.397926 18.418777 18.481976 18.584728 18.723228 18.892775 19.087934 19.302704 19.530699 19.765329 20.000000 
20.000000 19.692713 19.401911 19.134949 18.898371 18.697750 18.537563 18.421104 18.350410 18.326235 18.348059 18.414120 18.521500 18.666212 18.843353 19.047239 19.271605 19.509773 19.754868 20.000000 
20.000000 19.688162 19.393061 19.122168 18.882118 18.678570 18.516060 18.397926 18.326233 18.301746 18.323929 18.390991 18.499969 18.646818 18.826555 19.033421 19.261051 19.502678 19.751324 20.000000 
20.000000 19.692179 19.400892 19.133514 18.896591 18.695705 18.535336 18.418776 18.348057 18.323929 18.345860 18.412081 18.519663 18.664610 18.842007 19.046164 19.270803 19.509247 19.754612 20.000000 
20.000000 19.704445 19.424776 19.168072 18.940620 18.747778 18.593845 18.481976 18.414120 18.390991 18.412083 18.475685 18.578987 18.718151 18.888454 19.084436 19.300074 19.528954 19.764465 20.000000 
20.000000 19.724417 19.463657 19.224319 19.012264 18.832489 18.688995 18.584728 18.521498 18.499969 18.519663 18.578987 18.675314 18.805065 18.963839 19.146544 19.347561 19.560917 19.780451 20.000000 
20.000000 19.751358 19.516098 19.300171 19.108871 18.946697 18.817266 18.723228 18.666212 18.646818 18.664610 18.718151 18.805065 18.922127 19.065361 19.230175 19.411503 19.603954 19.801971 20.000000 
20.000000 19.784355 19.580320 19.393061 19.227165 19.086535 18.974306 18.892773 18.843351 18.826555 18.842005 18.888454 18.963839 19.065361 19.189571 19.332493 19.489725 19.656601 19.828297 20.000000 
20.000000 19.822350 19.654266 19.500008 19.363354 19.247519 19.155081 19.087933 19.047239 19.033419 19.046162 19.084436 19.146544 19.230175 19.332493 19.450214 19.579721 19.717167 19.858582 20.000000 
20.000000 19.864170 19.735661 19.617722 19.513248 19.424694 19.354031 19.302704 19.271605 19.261051 19.270803 19.300074 19.347561 19.411503 19.489725 19.579721 19.678726 19.783794 19.891895 20.000000 
20.000000 19.908577 19.822081 19.742702 19.672388 19.612789 19.565235 19.530697 19.509773 19.502678 19.509249 19.528954 19.560917 19.603952 19.656599 19.717165 19.783794 19.854502 19.927250 20.000000 
20.000000 19.954281 19.911028 19.871334 19.836174 19.806374 19.782597 19.765327 19.754868 19.751324 19.754612 19.764465 19.780451 19.801971 19.828297 19.858582 19.891895 19.927250 19.963625 20.000000 
20.000000 20.000000 20.000000 20.000000 20.000000 20.000000 20.000000 20.000000 20.000000 20.000000 20.000000 20.000000 20.000000 20.000000 20.000000 20.000000 20.000000 20.000000 20.000000 20.000000 
