20.000000 20.000000 20.000000 20.000000 20.000000 20.000000 20.000000 20.000000 20.000000 20.000000 20.000000 20.000000 20.000000 20.000000 20.000000 20.000000 20.000000 20.000000 20.000000 20.000000 
20.000000 19.951401 19.905405 19.863178 19.825760 19.794029 19.768694 19.750275 19.739098 19.735277 19.738731 19.749182 19.766167 19.789055 19.817070 19.849314 19.884796 19.922462 19.961227 20.000000 
20.000000 19.905405 19.815880 19.733696 19.660868 19.599112 19.549809 19.513969 19.492222 19.484795 19.491524 19.511871 19.544931 19.589478 19.644001 19.706753 19.775808 19.849112 19.924549 20.000000 
20.000000 19.863180 19.733696 19.614830 19.509502 19.420193 19.348896 19.297073 19.265633 19.254902 19.264648 19.294083 19.341904 19.406332 19.485188 19.575939 19.675800 19.781805 19.890892 20.000000 
20.000000 19.825760 19.660868 19.509502 19.375378 19.261660 19.170881 19.104908 19.064888 19.051241 19.063667 19.101162 19.162064 19.244112 19.344521 19.460075 19.587227 19.722193 19.861084 20.000000 
20.000000 19.794027 19.599110 19.420189 19.261658 19.127249 19.019964 18.942001 18.894716 18.878609 18.893314 18.937649 19.009645 19.106630 19.225313 19.361893 19.512169 19.671680 19.835827 20.000000 
20.000000 19.768692 19.549807 19.348892 19.170879 19.019962 18.899509 18.811985 18.758915 18.740852 18.757389 18.807190 18.888046 18.996954 19.130220 19.283573 19.452301 19.631392 19.815681 20.000000 
20.000000 19.750275 19.513969 19.297073 19.104908 18.942001 18.811985 18.717525 18.660263 18.640789 18.658665 18.712446 18.799747 18.917320 19.061180 19.226715 19.408840 19.602146 19.801060 20.000000 
20.000000 19.739098 19.492222 19.265633 19.064888 18.894718 18.758915 18.660263 18.600468 18.580153 18.598854 18.655058 18.746269 18.869101 19.019382 19.192299 19.382538 19.584450 19.792213 20.000000 
20.000000 19.735277 19.484795 19.254902 19.051241 18.878609 18.740852 18.640789 18.580154 18.559570 18.578569 18.635611 18.728165 18.852787 19.005253 19.180672 19.373657 19.578476 19.789227 20.000000 
20.000000 19.738731 19.491526 19.264648 19.063667 18.893314 18.757389 18.658665 18.598854 18.578569 18.597342 18.653654 18.745005 18.867996 19.018452 19.191555 19.381985 19.584085 19.792034 20.000000 
20.000000 19.749184 19.511871 19.294083 19.101162 18.937649 18.807190 18.712448 18.655058 18.635611 18.653654 18.707729 18.795429 18.913496 19.057919 19.224070 19.406845 19.600821 19.800404 20.000000 
20.000000 19.766167 19.544931 19.341904 19.162064 19.009645 18.888046 18.799746 18.746269 18.728165 18.745005 18.795429 18.877193 18.987261 19.121891 19.276768 19.447136 19.627939 19.813965 20.000000 
20.000000 19.789055 19.589479 19.406334 19.244110 19.106630 18.996954 18.917320 18.869101 18.852787 18.867994 18.913494 18.987259 19.086548 19.207989 19.347687 19.501354 19.664429 19.832211 20.000000 
20.000000 19.817070 19.644001 19.485186 19.344521 19.225313 19.130220 19.061180 19.019382 19.005251 19.018452 19.057917 19.121889 19.207989 19.313292 19.434422 19.567661 19.709053 19.854525 20.000000 
20.000000 19.849314 19.706753 19.575937 19.460075 19.361891 19.283571 19.226715 19.192299 19.180670 19.191555 19.224070 19.276766 19.347687 19.434422 19.534191 19.643929 19.760380 19.880188 20.000000 
20.000000 19.884796 19.775806 19.675800 19.587227 19.512169 19.452301 19.408840 19.382538 19.373657 19.381985 19.406847 19.447136 19.501354 19.567661 19.643929 19.727816 19.816833 19.908417 20.000000 
20.000000 19.922462 19.849110 19.781803 19.722193 19.671680 19.631392 19.602146 19.584450 19.578478 19.584087 19.600822 19.627939 19.664429 19.709053 19.760380 19.816833 19.876738 19.938370 20.000000 
20.000000 19.961227 19.924547 19.890892 19.861084 19.835827 19.815681 19.801060 19.792213 19.789228 19.792034 19.800404 19.813965 19.832211 19.854525 19.880188 19.908417 19.938370 19.969185 20.000000 
20.000000 20.000000 20.000000 20.000000 20.000000 20.000000 20.000000 20.000000 20.000000 20.000000 20.000000 20.000000 20.000000 20.000000 20.000000 20.000000 20.000000 20.000000 20.000000 20.000000 
